1627860518.0999923,-0.045677851885557175,-1.3091015815734863,-,0.050996339081709315,0.83125,0.02890701573615608,0.83175,-,-
1627860518.281864,-0.04563949629664421,-1.3090107440948486,-,0.04636030825609938,0.82575,0.02263473873680146,0.8455,-,-
1627860518.4830475,-0.04569900780916214,-1.3089417219161987,-,0.055632369907319255,0.83075,0.03136138499677311,0.8295,-,-
1627860518.676443,-0.04571227729320526,-1.308914303779602,-,0.052632585255454,0.83125,0.029179723431780196,0.8295,-,-
1627860518.861794,-0.045718416571617126,-1.3088587522506714,-,0.03436116964863836,0.82775,-,6.126105674500097,0.83975,6.104834474241416,0.84575,-
1627860519.045572,-0.04568488895893097,-1.3089394569396973,-,0.04745113903859583,0.82675,0.025634523388666716,0.8355,-,6.117651735935749,0.84025,-
1627860519.2312102,-0.04568018764257431,-1.3089319467544556,-,0.043905938995482355,0.82575,0.023452861823673805,0.8515,-,6.1181971513269975,0.8405,-
1627860519.4188569,-0.04581712186336517,-1.3087244033813477,-,0.032452215779269565,0.82775,-,6.1269237975869695,0.84025,6.105925305023912,0.85025,-
1627860519.6100442,-0.04568665474653244,-1.309098243713379,-,0.040088031256744754,0.826,-,6.114651951283884,0.8425,-
1627860519.797029,-0.04567895457148552,-1.3089194297790527,-,0.056450492994191595,0.83225,0.032452215779269565,0.82825,-,6.119560689805118,0.8395,-
1627860519.9891622,-0.044706154614686966,-1.308638334274292,-,0.038724492778624185,0.82575,-,6.129378166847586,0.83925,6.108379674284529,0.846,-
1627860520.2093692,-0.04566255211830139,-1.3089498281478882,-,0.04799655442984406,0.827,0.025089107997418487,0.8345,-,6.113833828197012,0.84225,-
1627860520.4121144,-0.045673295855522156,-1.3089717626571655,-,0.03436116964863836,0.82825,-,6.132377951499452,0.8345,6.110834043545147,0.84725,-
1627860520.6288974,-0.04579257220029831,-1.3088027238845825,-,0.05317800064670223,0.83125,0.02945243112740431,0.8315,-,6.117651735935749,0.8395,-
1627860520.8403873,-0.04463792219758034,-1.3086315393447876,-,0.03599741582238305,0.8275,-,6.118469859022621,0.83925,-
1627860521.0541544,-0.04570174589753151,-1.3089591264724731,-,0.044724062082354694,0.82575,-,6.11110675124077,0.84425,-,6.22509856801165,0.96075
1627860521.2803056,-0.045616522431373596,-1.3090486526489258,-,0.05290529295107811,0.83125,0.0272707695624114,0.8315,-,6.122833182152608,0.8395,-,6.229189183446012,0.955,6.208463398578579,0.96775
1627860521.4986753,-0.04573660343885422,-1.3088788986206055,-,0.032997631170517794,0.8275,-,6.112742997414515,0.84325,-,6.220735244881665,0.95575
1627860521.7084882,-0.04584885388612747,-1.308788776397705,-,0.03627012351800716,0.8275,-,6.111924874327642,0.8435,-,6.228643768054764,0.956
1627860521.9286063,-0.04570779204368591,-1.3089133501052856,-,0.049360092907964635,0.82925,0.026452646475539056,0.834,-,6.128832751456338,0.83975,6.1078342588932815,0.84425,-,6.212826721708565,0.96325
1627860522.1838193,-0.04571141302585602,-1.3088715076446533,-,0.05345070834232634,0.8295,0.02999784651865254,0.829,-,6.1173790282401255,0.84,-,6.229461891141636,0.957
1627860522.4374394,-0.045688971877098083,-1.3089087009429932,-,0.050723631386085204,0.83,0.028088892649283742,0.83225,-,6.123924012935103,0.84,-,6.219644414099168,0.957
1627860522.6806636,-0.045668620616197586,-1.3089807033538818,-,0.050723631386085204,0.831,0.0272707695624114,0.8315,-,6.113561120501387,0.8425,-,6.213372137099813,0.96325
1627860522.9365406,-0.04570680856704712,-1.3089169263839722,-,0.04881467751671641,0.8295,0.026998061866787285,0.8325,-,6.116015489762004,0.84,-,6.21582650636043,0.95875
1627860523.1686573,-0.04582476615905762,-1.3087360858917236,-,0.03654283121363128,0.82725,-,6.11437924358826,0.84375,-,6.224825860316026,0.95675
1627860523.3790755,-0.04567860811948776,-1.3089500665664673,-,0.044724062082354694,0.82575,0.023725569519297916,0.8425,-,6.13101441302133,0.83925,6.110834043545147,0.8475,-,6.221280660272913,0.95725
1627860523.6002212,-0.04573747515678406,-1.3089234828948975,-,0.031634092692397225,0.82825,-,6.123105889848231,0.8395,-,6.2136448447954375,0.9615
1627860523.8184984,-0.044700562953948975,-1.3086708784103394,-,0.05317800064670223,0.8315,0.02999784651865254,0.8295,-,6.130741705325707,0.8395,6.108106966588905,0.847,-,6.221280660272913,0.95775
1627860524.0395572,-0.045707471668720245,-1.3089476823806763,-,0.04145156973486533,0.825,-,6.122833182152608,0.83925,-,6.232734383489126,0.95875,6.211190475534821,0.9665
1627860524.2599528,-0.04564502835273743,-1.3090070486068726,-,0.05317800064670223,0.8315,0.030815969605524882,0.8295,-,6.1190152744138695,0.83925,-,6.2169173371429265,0.9615
1627860524.4777186,-0.0456945076584816,-1.308958649635315,-,0.03381575425739013,0.82825,-,6.134014197673196,0.8435,6.111924874327642,0.84575,-,6.234097921967246,0.9585,6.211463183230444,0.966
1627860524.694878,-0.045688480138778687,-1.3089231252670288,-,0.04772384673421995,0.826,0.024816400301794373,0.839,-,6.114924658979508,0.83975,-,6.212826721708565,0.9655
1627860524.9023442,-0.045693784952163696,-1.3090970516204834,-,0.04745113903859583,0.82625,0.024816400301794373,0.83925,-,6.126105674500097,0.8395,6.105925305023912,0.85075,-,6.2169173371429265,0.96375
1627860525.114882,-0.045677300542593,-1.3089900016784668,-,0.032179508083645454,0.828,-,6.137832105411934,0.8435,6.112197582023267,0.84275,-,6.219917121794792,0.96025
1627860525.3298063,-0.045711271464824677,-1.3089359998703003,-,0.05399612373357457,0.82975,0.029725138823028425,0.829,-,6.1173790282401255,0.84,-,6.226734814185395,0.95925
1627860525.5819848,-0.04564715921878815,-1.3091083765029907,-,0.05508695451607103,0.8305,0.031906800388021336,0.82925,-,6.111924874327642,0.84275,-,6.2256439834028985,0.9585
1627860525.805444,-0.04570971429347992,-1.3089303970336914,-,0.050450923690461086,0.8295,0.026179938779914945,0.8325,-,6.124196720630728,0.83975,-,6.231643552706629,0.9585,6.209008813969827,0.9685
1627860526.0220954,-0.045680999755859375,-1.3089656829833984,-,0.032179508083645454,0.82825,-,6.114106535892636,0.8425,-,6.227825644967891,0.9585
1627860526.243617,-0.045714542269706726,-1.3089271783828735,-,0.03463387734426248,0.8275,-,6.114651951283884,0.84275,-,6.221007952577288,0.95825
1627860526.4635057,-0.04570203647017479,-1.3089183568954468,-,0.044996769777978805,0.826,0.02263473873680146,0.85125,-,6.110561335849522,0.843,-,6.216644629447303,0.959
1627860526.601405,-0.04570503532886505,-1.308939814567566,-,0.04117886203924121,0.82475,-,6.122015059065735,0.83975,-,6.218826291012295,0.95875
1627860526.817899,-0.0456572026014328,-1.3089648485183716,-,0.04117886203924121,0.825,-,6.116833612848877,0.84025,-,6.230552721924132,0.95875,6.210372352447948,0.967
1627860527.0796273,-0.045713379979133606,-1.308943510055542,-,0.039269908169872414,0.82475,-,6.1269237975869695,0.84,6.105925305023912,0.85075,-,6.222098783359785,0.9585
1627860527.3931274,-0.04570666328072548,-1.3089275360107422,-,0.043905938995482355,0.826,0.02263473873680146,0.848,-,6.129923582238835,0.84,6.108106966588905,0.8455,-,6.22373502953353,0.958
1627860527.6566482,-0.04572433978319168,-1.3089735507965088,-,0.03654283121363128,0.82675,-,6.119833397500742,0.83925,-,6.216371921751678,0.96175
1627860527.9115374,-0.04573117941617966,-1.308862566947937,-,0.045542185169227034,0.82625,0.022089323345553233,0.859,-,6.120651520587614,0.839,-,6.230552721924132,0.95825,6.209281521665451,0.9705
1627860528.1693892,-0.0456562303006649,-1.308963418006897,-,0.03627012351800716,0.82675,-,6.128014628369465,0.83925,6.1086523819801535,0.8495,-,6.212008598621693,0.965
1627860528.452313,-0.045654553920030594,-1.3089561462402344,-,0.050723631386085204,0.8295,0.0272707695624114,0.83425,-,6.111924874327642,0.84275,-,6.230007306532884,0.9585,6.209826937056699,0.96575
1627860528.7160249,-0.04571168124675751,-1.308919072151184,-,0.04990550829921286,0.82975,0.025634523388666716,0.83275,-,6.129378166847586,0.83925,6.110015920458274,0.8455,-,6.230552721924132,0.959,6.209554229361076,0.96875
1627860528.976508,-0.04567044973373413,-1.3089405298233032,-,0.037088246604879506,0.8265,-,6.122015059065735,0.839,-,6.215553798664806,0.9615
1627860529.2452614,-0.045670248568058014,-1.3091403245925903,-,0.03545200043113482,0.82825,-,6.126105674500097,0.839,6.10647072041516,0.85025,-,6.219644414099168,0.95875
1627860529.5019794,-0.04567686840891838,-1.3089783191680908,-,0.0409061543436171,0.82475,-,6.133468782281947,0.84225,6.112197582023267,0.8435,-,6.231370845011004,0.959,6.210372352447948,0.96875
1627860529.7555513,-0.04564940556883812,-1.30900239944458,-,0.037088246604879506,0.827,-,6.124196720630728,0.83925,-,6.22509856801165,0.95775
1627860530.0108252,-0.045762091875076294,-1.3088352680206299,-,0.04772384673421995,0.82675,0.025089107997418487,0.83525,-,6.112197582023267,0.847,-,6.213372137099813,0.96225
1627860530.2699149,-0.04565546289086342,-1.3089570999145508,-,0.05726861608106394,0.83575,0.03408846195301425,0.82825,-,6.118742566718246,0.83975,-,6.222371491055409,0.9575
1627860530.5215154,-0.044638484716415405,-1.3086395263671875,-,0.04117886203924121,0.82525,-,6.126105674500097,0.83975,6.107016135806409,0.8515,-,6.225371275707274,0.9565
1627860530.782558,-0.04570436477661133,-1.3089380264282227,-,0.054814246820446916,0.82975,0.032179508083645454,0.82925,-,6.125832966804473,0.84,6.107561551197657,0.8515,-,6.217190044838551,0.96125
1627860531.077226,-0.04574434459209442,-1.3088958263397217,-,0.03654283121363128,0.8275,-,6.123105889848231,0.8395,-,6.226189398794147,0.957
1627860531.3382657,-0.04566638544201851,-1.3089842796325684,-,0.04799655442984406,0.8265,0.024816400301794373,0.8385,-,6.135105028455692,0.84,6.112197582023267,0.8445,-,6.21909899870792,0.95725
1627860531.6085217,-0.04562479257583618,-1.309156060218811,-,0.037906369691751846,0.82625,-,6.135650443846941,0.84,6.112742997414515,0.844,-,6.221553367968537,0.95825
1627860531.8589396,-0.045690249651670456,-1.3089547157287598,-,0.037088246604879506,0.8265,-,6.122560474456983,0.83925,-,6.2136448447954375,0.96275
1627860532.1176589,-0.045708440244197845,-1.308902382850647,-,0.054814246820446916,0.83075,0.030543261909900768,0.829,-,6.114924658979508,0.844,-,6.230825429619756,0.9585,6.209281521665451,0.974
1627860532.3879783,-0.04578132927417755,-1.3088123798370361,-,0.04717843134297172,0.82625,0.022907446432425576,0.84575,-,6.119287982109494,0.83925,-,6.211735890926069,0.96575
1627860532.6631556,-0.045774899423122406,-1.3088603019714355,-,0.04199698512611356,0.82475,-,6.1269237975869695,0.83925,6.1061980127195365,0.82825,-,6.215008383273558,0.9645
1627860532.926616,-0.04570577293634415,-1.308898687362671,-,0.043360523604234126,0.82575,-,6.136195859238189,0.84225,6.112197582023267,0.8425,-,6.21909899870792,0.9585
1627860533.1849186,-0.04565924406051636,-1.308980941772461,-,0.04145156973486533,0.82525,-,6.12365130523948,0.83925,-,6.225916691098522,0.958
1627860533.4368968,-0.045676782727241516,-1.3089591264724731,-,0.05181446216858166,0.83175,0.030270554214276654,0.82975,-,6.120924228283238,0.83925,-,6.228098352663515,0.95825
1627860533.7260027,-0.045758262276649475,-1.3088412284851074,-,0.032997631170517794,0.82825,-,6.116288197457629,0.83975,-,6.212281306317316,0.96325
1627860533.9971633,-0.04569786787033081,-1.3089467287063599,-,0.052632585255454,0.83125,0.02999784651865254,0.8295,-,6.1269237975869695,0.83975,6.104834474241416,0.85075,-,6.2160992140560545,0.95775
1627860534.2764616,-0.04565591365098953,-1.3089842796325684,-,0.03490658503988659,0.82825,-,6.11437924358826,0.84225,-,6.227280229576643,0.9575
1627860534.543285,-0.0457158200442791,-1.3089330196380615,-,0.040088031256744754,0.8245,-,6.1181971513269975,0.83975,-,6.22046253718604,0.9575
1627860534.8002117,-0.044682297855615616,-1.3086566925048828,-,0.03463387734426248,0.8275,-,6.110561335849522,0.84475,-,6.231370845011004,0.95675,6.210099644752324,0.96775
1627860535.06995,-0.04563818499445915,-1.308977484703064,-,0.0545415391248228,0.83,0.031906800388021336,0.829,-,6.118469859022621,0.83975,-,6.224280444924778,0.9565
1627860535.340043,-0.04569216072559357,-1.30893874168396,-,0.04908738521234052,0.82925,0.027543477258035513,0.83425,-,6.111924874327642,0.84475,-,6.227280229576643,0.9565
1627860535.5956762,-0.045675281435251236,-1.3089547157287598,-,0.04826926212546818,0.82625,0.022907446432425576,0.8385,-,6.121469643674486,0.83925,-,6.219644414099168,0.95725
1627860535.8564487,-0.04581115022301674,-1.3087657690048218,-,0.033270338866141905,0.82825,-,6.12828733606509,0.83925,6.105925305023912,0.84825,-,6.22373502953353,0.957
1627860536.1120434,-0.04570591822266579,-1.308934211730957,-,0.04308781590861001,0.8255,-,6.13428690536882,0.84325,6.112742997414515,0.84225,-,6.213372137099813,0.966
1627860536.4082177,-0.04568060114979744,-1.3089519739151,-,0.05290529295107811,0.8305,0.031634092692397225,0.829,-,6.119287982109494,0.8395,6.099380320328933,0.851,-,6.220189829490416,0.95725
1627860536.6884334,-0.045678041875362396,-1.3089847564697266,-,0.04036073895236887,0.82525,-,6.111379458936394,0.84375,-,6.233007091184749,0.9585,6.211463183230444,0.9655
1627860536.958304,-0.04577416926622391,-1.3088016510009766,-,0.03954261586549653,0.826,-,6.112742997414515,0.844,-,6.2169173371429265,0.9645
1627860537.2327182,-0.04575067013502121,-1.3089096546173096,-,0.043905938995482355,0.826,0.02263473873680146,0.861,-,6.131559828412579,0.8395,6.1086523819801535,0.8445,-,6.229461891141636,0.95775
1627860537.5037346,-0.04569408297538757,-1.3089419603347778,-,0.050450923690461086,0.82875,0.026998061866787285,0.83475,-,6.118469859022621,0.8395,-,6.230825429619756,0.95825,6.209008813969827,0.9665
1627860537.767289,-0.0447099432349205,-1.308640956878662,-,0.0545415391248228,0.83025,0.030270554214276654,0.829,-,6.129105459151962,0.83975,6.1094705050670255,0.85025,-,6.217462752534175,0.95875
1627860538.0293202,-0.04569489508867264,-1.3089485168457031,-,0.04826926212546818,0.8265,0.02399827721492203,0.839,-,6.128014628369465,0.8395,6.107016135806409,0.8505,-,6.22509856801165,0.95825
1627860538.2921324,-0.045711249113082886,-1.3089338541030884,-,0.03599741582238305,0.82725,-,6.113288412805764,0.8415,-,6.214735675577934,0.962
1627860538.5444522,-0.044708408415317535,-1.3086572885513306,-,0.05345070834232634,0.83,0.030815969605524882,0.829,-,6.125287551413225,0.8395,6.105652597328288,0.851,-,6.2256439834028985,0.957
1627860538.804019,-0.045717090368270874,-1.3089170455932617,-,0.05235987755982989,0.8295,0.031634092692397225,0.82925,-,6.115197366675132,0.83975,-,6.217190044838551,0.96175
1627860539.0904462,-0.04580406844615936,-1.3087937831878662,-,0.04117886203924121,0.82475,-,6.122287766761359,0.8395,6.102652812676423,0.8545,-,6.213917552491061,0.96225
1627860539.3655438,-0.0457427054643631,-1.3088321685791016,-,0.03736095430050362,0.82725,-,6.120378812891991,0.83925,-,6.224280444924778,0.95725
1627860539.6295254,-0.045768752694129944,-1.3088090419769287,-,0.04799655442984406,0.82625,0.02454369260617026,0.841,-,6.126378382195721,0.83925,-,6.22373502953353,0.95625
1627860539.8887572,-0.04582173377275467,-1.308742880821228,-,0.044451354386730584,0.826,-,6.115197366675132,0.84,-,6.232188968097877,0.95725,6.209554229361076,0.9655
1627860540.1513638,-0.04575545713305473,-1.3089377880096436,-,0.04636030825609938,0.8265,0.024270984910546144,0.845,-,6.116015489762004,0.84,-,6.215008383273558,0.9645
1627860540.4089656,-0.0458095446228981,-1.308790683746338,-,0.04663301595172349,0.82625,0.023452861823673805,0.845,-,6.110834043545147,0.84275,-,6.220189829490416,0.96075
1627860540.676617,-0.0456734374165535,-1.309113621711731,-,0.03463387734426248,0.82825,-,6.110015920458274,0.84625,-,6.220189829490416,0.9595
1627860540.9340446,-0.04566781595349312,-1.3089582920074463,-,0.038179077387375956,0.82725,-,6.125287551413225,0.83975,-,6.221553367968537,0.959
1627860541.2044294,-0.04563193768262863,-1.3091472387313843,-,0.04363323129985824,0.82575,-,6.113833828197012,0.84225,-,6.230280014228509,0.959,6.209281521665451,0.9745
1627860541.4627314,-0.0458134301006794,-1.3088161945343018,-,0.04745113903859583,0.8265,0.02399827721492203,0.83775,-,6.116015489762004,0.84025,-,6.225916691098522,0.95825
1627860541.732216,-0.04591260105371475,-1.3085700273513794,-,0.040088031256744754,0.825,-,6.130468997630082,0.84,6.110561335849522,0.84775,-,6.216644629447303,0.9625
1627860542.0402567,-0.04590095952153206,-1.3085851669311523,-,0.050178215994836975,0.82975,0.027543477258035513,0.834,-,6.120924228283238,0.8395,-,6.2136448447954375,0.96275
1627860542.306785,-0.04841414466500282,-1.3056000471115112,-,0.04745113903859583,0.82825,0.026998061866787285,0.83525,-,6.125560259108848,0.83925,-,6.229461891141636,0.954,6.207917983187331,0.9625
1627860542.567328,-0.04935818910598755,-1.3035917282104492,-,0.032724923474893676,0.832,-,6.125832966804473,0.83875,6.107016135806409,0.8505,-,6.223462321837905,0.9535
1627860542.8219955,-0.05054863169789314,-1.3007930517196655,-,0.03981532356112064,0.8335,-,6.142740843933168,0.83975,6.121742351370111,0.844,-,6.2256439834028985,0.953,6.2041000754485935,0.96225
1627860543.0882747,-0.0523957796394825,-1.2938240766525269,-,0.04254240051736178,0.84025,0.017998707911191524,0.849,-,6.140559182368174,0.839,-,6.211190475534821,0.949
1627860543.354611,-0.055000532418489456,-1.2915228605270386,-,0.030543261909900768,0.844,-,6.141104597759423,0.83925,-,6.219644414099168,0.9375,6.19919133692736,0.94875
1627860543.6106346,-0.05323163792490959,-1.2680383920669556,-,0.020180369476184436,0.84925,-,6.153376444062508,0.84025,6.134832320760069,0.8405,-,6.2169173371429265,0.92975
1627860543.8699105,-0.04791665077209473,-1.2478759288787842,-,6.2733678301371185,0.85775,-,6.189101152189267,0.8565,6.169738905799955,0.8685,-,6.231098137315381,0.9015,6.207645275491707,0.9085
1627860544.1353042,-0.038213398307561874,-1.2318252325057983,-,6.258096199182168,0.8645,-,6.195646136884246,0.865,6.1754657674080615,0.87325,-,6.222098783359785,0.88875
1627860544.4160597,-0.03520840406417847,-1.2158418893814087,-,6.235461460445366,0.867,-,6.2065544447092105,0.88475,6.184465121363657,0.881,-,6.2447335220965865,0.866,6.222644198751033,0.86875
1627860544.714974,-0.034639861434698105,-1.2060471773147583,-,6.238733952792856,0.8725,6.21582650636043,0.88075,-,6.211463183230444,0.88925,6.189646567580516,0.87175,-,6.23900666048848,0.85675
1627860544.9740257,-0.03375829756259918,-1.1868679523468018,-,6.218280875621047,0.8805,-,6.230552721924132,0.89575,-,6.236552291227863,0.84225
1627860545.250341,-0.035275302827358246,-1.174078345298767,-,6.19591884457987,0.89075,-,6.2455516451834585,0.908,-,6.2447335220965865,0.827,6.22509856801165,0.83025
1627860545.5202892,-0.035785265266895294,-1.166910171508789,-,6.184737829059281,0.8985,-,6.255641829921551,0.9085,-,6.241461029749097,0.82125
1627860545.7853887,-0.03735164552927017,-1.155832052230835,-,6.1762838904949335,0.9055,-,6.2670955531377635,0.9115,6.2455516451834585,0.91425,-,6.2447335220965865,0.8135,6.222916906446657,0.81675
1627860546.0502517,-0.037454504519701004,-1.1395342350006104,-,6.167011828843714,0.91375,-,0.0029997846518652537,0.92175,6.265186599268395,0.9235,-,6.227007521881019,0.80025
1627860546.3085186,-0.03792453184723854,-1.1178817749023438,-,6.147104167063153,0.93,-,0.013362677085581585,0.92625,-,6.234916045054118,0.77625
1627860546.588397,-0.039111193269491196,-1.1122382879257202,-,6.150649367106267,0.938,-,0.018544123302439753,0.94075,-,6.22509856801165,0.76425
1627860546.8576217,-0.03872697427868843,-1.0965949296951294,-,6.145467920889409,0.94375,-,0.029179723431780196,0.94025,-,6.232188968097877,0.7475
1627860547.1341217,-0.03855707123875618,-1.0792913436889648,-,6.120378812891991,0.95475,-,0.06054110842855331,0.9505,0.03736095430050362,0.95425,-,6.236279583532239,0.7315
1627860547.4328341,-0.038090191781520844,-1.067354440689087,-,6.115470074370756,0.96375,-,0.05372341603795046,0.96175,-,6.236824998923487,0.7135
1627860547.704242,-0.037933893501758575,-1.054085612297058,-,6.108379674284529,0.9725,-,0.07172212394914199,0.9685,0.050996339081709315,0.9465,-,6.227825644967891,0.704
1627860547.968731,-0.03875088691711426,-1.0371029376983643,-,6.10374364345892,0.985,-,0.07554003168787958,0.981,-,6.24364269131409,0.688,6.223189614142282,0.68825
1627860548.2283545,-0.039566121995449066,-1.021169662475586,-,6.075654750809636,0.99925,-,0.0935387395990711,0.9895,-,6.245278937487835,0.67825,6.224280444924778,0.68075
1627860548.5079684,-0.0415649339556694,-1.0059512853622437,-,6.08192702780899,1.011,6.059837704463437,1.01875,-,0.10199267816341863,0.99475,-,6.22973459883726,0.65975
1627860548.7693827,-0.04178570210933685,-0.996407151222229,-,6.061201242941557,1.0195,-,0.12599095537834065,0.9985,-,6.2455516451834585,0.64525,6.22373502953353,0.64375
1627860549.0237267,-0.042514387518167496,-0.9933472871780396,-,6.071836843070898,1.02825,6.050020227420969,1.03375,-,0.12599095537834065,0.99925,-,6.226189398794147,0.64
1627860549.2936563,-0.043384723365306854,-0.9872110486030579,-,6.055747089029075,1.02875,-,0.1325359400733194,1.00525,-,6.232461675793501,0.63525
1627860549.559283,-0.044543832540512085,-0.9778462648391724,-,6.062837489115302,1.0365,6.040475458074125,1.05075,-,0.13799009398580167,1.015,0.14835298641951802,1.01475,-,6.227280229576643,0.62325
1627860549.8319056,-0.045747265219688416,-0.97225421667099,-,6.055747089029075,1.03825,-,0.14698944794139746,1.0145,-,6.233825214271622,0.619,6.213099429404189,0.6225
1627860550.1512542,-0.047404978424310684,-0.9611058235168457,-,6.054656258246579,1.0515,6.031748811814153,1.0605,-,0.16635169433070954,1.02225,-,6.2264621064897705,0.605,6.2041000754485935,0.6125
1627860550.4161143,-0.04859726130962372,-0.9478076696395874,-,6.026840073292919,1.067,-,0.15926129424448257,1.03375,-,6.231643552706629,0.59425,6.209826937056699,0.596
1627860550.6835155,-0.05021705478429794,-0.9364797472953796,-,6.021658627076061,1.07125,-,0.19034997154563157,1.03775,-,6.234916045054118,0.5835,6.212281306317316,0.5825
1627860550.941821,-0.05063678324222565,-0.9262656569480896,-,6.024658411727926,1.07375,-,0.19362246389312093,1.0435,-,6.21909899870792,0.5705,6.200009460014232,0.5765
1627860551.2210317,-0.05100734531879425,-0.9188194274902344,-,6.0115684423379685,1.08975,-,-,6.217462752534175,0.56225,6.198918629231735,0.568
1627860551.4996934,-0.0520678274333477,-0.9133131504058838,-,6.016477180859203,1.0875,-,0.1868047715025181,1.052,-,6.229189183446012,0.56225,6.205463613926714,0.56175
1627860551.7662935,-0.05271051824092865,-0.8968940377235413,-,6.015113642381082,1.09675,-,0.21325741797805714,1.061,-,6.212554014012941,0.549
1627860552.025074,-0.05373859032988548,-0.8846743106842041,-,6.013477396207338,1.111,-,0.22089323345553233,1.06825,-,6.225916691098522,0.5355,6.204372783144217,0.53575
1627860552.288221,-0.054202474653720856,-0.8721626996994019,-,-,0.21598449493429828,1.08,-,6.207099860100459,0.5195
1627860552.570361,-0.05426571145653725,-0.870998203754425,-,5.988660995905543,1.12875,-,0.2162572026299224,1.07975,-,6.209554229361076,0.5155
1627860552.8871825,-0.05404508486390114,-0.8717999458312988,-,5.984843088166806,1.13025,-,0.22143864884678055,1.07925,-,6.227280229576643,0.51575,6.203827367752969,0.5155
1627860553.1673446,-0.05411867797374725,-0.8722398281097412,-,5.986206626644926,1.129,-,0.22498384888989403,1.07475,-,6.215553798664806,0.51525
1627860553.4441707,-0.05324297770857811,-0.8740047216415405,-,5.9916607805574085,1.12675,-,0.22416572580302171,1.07475,-,6.218008167925423,0.51575,6.1970096753623665,0.51825
1627860553.7082758,-0.049915727227926254,-0.8834618330001831,-,5.992206195948657,1.1215,-,0.21543907954305005,1.074,-,6.227007521881019,0.52425,6.207099860100459,0.52475
1627860553.9740465,-0.047212354838848114,-0.894061803817749,-,5.995205980600522,1.11325,-,0.21952969497741176,1.0645,0.1988039101099791,1.0685,-,6.228371060359139,0.53275
1627860554.2471206,-0.04381154850125313,-0.9022154211997986,-,6.003932626860494,1.10225,-,0.19580412545811385,1.06325,-,6.227552937272267,0.54175
1627860554.5094001,-0.04187782481312752,-0.9130061268806458,-,6.00502345764299,1.0895,-,0.19034997154563157,1.05575,0.1696241866781989,1.04875,-,6.237370414314735,0.554,6.216644629447303,0.55625
1627860554.7819018,-0.041042596101760864,-0.9208235740661621,-,6.01293198081609,1.07925,-,0.18571394072002162,1.05525,0.16471544815696484,1.03825,-,6.239279368184104,0.56175,6.216644629447303,0.56625
1627860555.0372944,-0.04027362912893295,-0.9299822449684143,-,6.019204257815444,1.07675,-,0.1693514789825748,1.05175,-,6.240097491270976,0.566,6.22046253718604,0.57025
1627860555.3164825,-0.037847794592380524,-0.9386370182037354,-,6.011295734642345,1.07075,-,0.16580627893946132,1.04425,-,6.243097275922842,0.5765,6.221280660272913,0.57975
1627860555.6219482,-0.0355464443564415,-0.9535600543022156,-,6.014022811598585,1.0665,-,0.14944381720201447,1.03825,-,6.243097275922842,0.5885
1627860555.8936563,-0.032918255776166916,-0.9687552452087402,-,6.025749242510423,1.04975,-,-,6.241461029749097,0.60625
1627860556.157842,-0.032148443162441254,-0.9799954295158386,-,6.033657765683522,1.035,-,0.13799009398580167,1.026,-,6.254550999139054,0.61725,6.229461891141636,0.62225
1627860556.422267,-0.030466152355074883,-0.9879798889160156,-,6.043202535030366,1.0265,-,0.11971867837898605,1.026,-,6.254005583747806,0.6275,6.232188968097877,0.63275
1627860556.7053456,-0.028760824352502823,-0.9978560209274292,-,6.0385665042047565,1.0265,-,0.11453723216212788,1.02125,-,6.259459737660288,0.63775,6.237915829705983,0.64075
1627860556.9856088,-0.027229804545640945,-1.0105576515197754,-,6.063928319897799,1.01225,6.041020873465373,1.0265,-,0.10962849364089383,1.011,-,6.2646411838771465,0.65,6.241188322053473,0.65225
1627860557.2736738,-0.024149663746356964,-1.023696780204773,-,6.0617466583328055,0.99575,-,0.10499246281528389,0.9995,-,6.248824137530948,0.666
1627860557.541994,-0.02432306855916977,-1.030180811882019,-,6.07729099698338,0.9865,6.054110842855331,1.01425,-,0.09190249342532641,0.997,-,6.252369337574062,0.674
1627860557.8192062,-0.023109687492251396,-1.036802053451538,-,6.083835981678359,0.98775,6.0609285352459334,0.99175,-,0.09517498577281579,0.992,0.07417649320975901,1.004,-,6.260823276138409,0.6785
1627860558.086266,-0.021189989522099495,-1.0533642768859863,-,6.093380751025203,0.976,6.069927889201529,0.979,-,0.08535750873034768,0.99175,-,6.272276999354622,0.6875,6.248824137530948,0.6855
1627860558.4066365,-0.02015087381005287,-1.0662320852279663,-,6.098016781850813,0.96175,-,0.06135923151542565,0.984,-,6.256459953008423,0.70975
1627860558.6787293,-0.018897095695137978,-1.0772805213928223,-,6.104561766545792,0.94825,-,0.05154175447295754,0.977,-,6.274458660919615,0.724,6.251551214487189,0.7265
1627860558.947727,-0.018156278878450394,-1.0869383811950684,-,6.100198443415806,0.9455,-,0.04745113903859583,0.97425,0.026452646475539056,0.954,-,6.264368476181523,0.73175
1627860559.2114277,-0.016755331307649612,-1.0976765155792236,-,6.113833828197012,0.93825,-,0.025634523388666716,0.97025,-,6.274731368615239,0.74625,6.251823922182814,0.744
1627860559.4751909,-0.01591521129012108,-1.1050750017166138,-,6.129378166847586,0.93475,6.104834474241416,0.939,-,0.02890701573615608,0.96475,0.008181230868723419,0.9545,-,6.27282241474587,0.7515,6.250733091400317,0.7545
1627860559.731134,-0.015108405612409115,-1.118445634841919,-,6.120378812891991,0.92075,-,0.017453292519943295,0.957,6.280185522527721,0.956,-,6.276367614788984,0.759,6.2550964145303025,0.75875
1627860560.0082695,-0.014051146805286407,-1.1278164386749268,-,6.143831674715664,0.9145,6.120651520587614,0.92725,-,0.005181446216858166,0.955,-,6.272004291658997,0.76975,6.250460383704692,0.77575
1627860560.2619183,-0.012615998275578022,-1.1379667520523071,-,6.138377520803182,0.908,-,6.270640753180877,0.9505,-,6.267913676224636,0.778
1627860560.5304039,-0.012825005687773228,-1.13907790184021,-,6.152012905584388,0.902,6.129923582238835,0.92525,-,6.28209447639709,0.946,6.26355035309465,0.95025,-,6.27745844557148,0.78775,6.255369122225927,0.78875
1627860560.7913458,-0.010819166898727417,-1.1468585729599,-,6.146013336280657,0.89925,-,6.272549707050246,0.94975,-,6.260005153051536,0.7925
1627860561.0848045,-0.009928649291396141,-1.1510082483291626,-,6.15746705949687,0.89475,-,6.257005368399671,0.94525,-,6.279912814832097,0.79975,6.258096199182168,0.80225
1627860561.3470433,-0.006438474170863628,-1.1604119539260864,-,6.158012474888118,0.8875,-,6.259732445355913,0.94375,-,6.276367614788984,0.80475,6.257278076095296,0.81475
1627860561.61363,-0.006775480695068836,-1.1650151014328003,-,6.152012905584388,0.88425,-,6.254005583747806,0.943,6.231643552706629,0.947,-,6.265732014659643,0.81375
1627860561.8842926,-0.006669969763606787,-1.1654918193817139,-,6.158012474888118,0.88125,-,6.238188537401608,0.94425,-,6.26682284544214,0.8135
1627860562.1454895,-0.007015572860836983,-1.1656335592269897,-,6.15746705949687,0.88075,-,6.246097060574707,0.93925,-,0.000272707695624114,0.8165,6.261368691529658,0.81825
1627860562.4030683,-0.007053293753415346,-1.1654738187789917,-,6.164830167278721,0.88075,-,6.252642045269686,0.937,6.231916260402253,0.947,-,6.280185522527721,0.81625,6.260277860747161,0.818
1627860562.6794116,-0.007534434553235769,-1.1649116277694702,-,6.1596487210618625,0.88125,-,6.249369552922197,0.9395,-,6.272549707050246,0.811
1627860562.9425137,-0.007459381595253944,-1.16619873046875,-,6.170011613495579,0.8825,6.147104167063153,0.90825,-,6.2455516451834585,0.939,-,6.280730937918969,0.81525,6.256187245312799,0.818
1627860563.2138984,-0.00750422477722168,-1.1661278009414673,-,6.17273869045182,0.88275,6.149013120932523,0.892,-,6.245278937487835,0.939,-,6.275549491702111,0.812
1627860563.4808767,-0.007726073265075684,-1.1664844751358032,-,6.162921213409352,0.881,-,6.249914968313444,0.937,6.229189183446012,0.94675,-,6.274458660919615,0.812
1627860563.7908597,-0.008220499381422997,-1.1656749248504639,-,6.162648505713728,0.881,-,6.247460599052827,0.93875,-,6.274731368615239,0.81525
1627860564.0540571,-0.031159648671746254,-1.1860777139663696,-,6.1754657674080615,0.88225,-,-,6.251005799095941,0.8265
1627860564.324678,-0.052500225603580475,-1.2057569026947021,-,6.230552721924132,0.89325,6.207645275491707,0.891,-,-,6.230280014228509,0.8515
1627860564.5914607,-0.05228915065526962,-1.2066395282745361,-,6.228371060359139,0.89225,6.205463613926714,0.901,-,6.227007521881019,0.89025,-,6.225916691098522,0.85075
1627860564.8533413,-0.04789062961935997,-1.2103002071380615,-,6.227552937272267,0.89075,-,6.2264621064897705,0.8865,-,6.22973459883726,0.85075
1627860565.1163116,-0.04633348435163498,-1.2125493288040161,-,6.232461675793501,0.88325,6.210645060143572,0.89575,-,6.221280660272913,0.8865,6.202191121579225,0.8675,-,6.23437062966287,0.858
1627860565.4023561,-0.05251578986644745,-1.2137914896011353,-,6.221280660272913,0.88125,-,6.216371921751678,0.88725,-,6.227552937272267,0.8585
1627860565.666414,-0.05250395089387894,-1.21559476852417,-,6.242824568227218,0.88675,6.218280875621047,0.8915,-,6.222644198751033,0.88,-,6.230552721924132,0.8585,6.209826937056699,0.86325
1627860565.9436004,-0.0583820715546608,-1.2135103940963745,-,6.236552291227863,0.8885,-,6.22973459883726,0.87875,6.2065544447092105,0.85625,-,6.213917552491061,0.85925
1627860566.2258286,-0.057670366019010544,-1.213639497756958,-,6.251005799095941,0.9055,6.228916475750387,0.897,-,6.2351887527497425,0.869,6.215281090969182,0.87525,-,6.217462752534175,0.859,6.1945553061017495,0.86225
1627860566.5431266,-0.05775536969304085,-1.2136272192001343,-,6.2482787221397,0.898,6.2264621064897705,0.89575,-,6.235734168140991,0.873,6.21446296788231,0.87575,-,6.208463398578579,0.85525
1627860566.8280525,-0.057768870145082474,-1.2136509418487549,-,6.234916045054118,0.89275,-,6.228643768054764,0.87525,-,6.207645275491707,0.85575
1627860567.0991902,-0.057791899889707565,-1.2136417627334595,-,6.233825214271622,0.89375,-,6.242824568227218,0.87225,6.222098783359785,0.8755,-,6.219371706403543,0.85875,6.1953734291886216,0.86725
1627860567.3700676,-0.05777886137366295,-1.213637113571167,-,6.248824137530948,0.89675,6.226189398794147,0.8965,-,6.227552937272267,0.87525,-,6.209554229361076,0.8565
1627860567.6453712,-0.05776739493012428,-1.213636040687561,-,6.234916045054118,0.8925,-,6.232188968097877,0.87225,6.209554229361076,0.87225,-,6.211463183230444,0.85675
1627860567.9164054,-0.05778462439775467,-1.2136261463165283,-,6.239824783575353,0.893,-,6.2264621064897705,0.87525,-,6.214735675577934,0.85825
1627860568.1949904,-0.05779711902141571,-1.2136279344558716,-,6.2351887527497425,0.893,-,6.229189183446012,0.87425,6.208463398578579,0.8685,-,6.217190044838551,0.85825,6.195100721492998,0.86725
1627860568.4794173,-0.05779430642724037,-1.213618516921997,-,6.248551429835324,0.89875,6.226189398794147,0.895,-,6.234916045054118,0.87225,6.214735675577934,0.88625,-,6.221280660272913,0.85825,6.200827583101104,0.859
1627860568.7638614,-0.057834647595882416,-1.2136024236679077,-,6.22973459883726,0.8945,-,6.22973459883726,0.87425,-,6.21909899870792,0.85825
1627860569.0247219,-0.05783141404390335,-1.2136389017105103,-,6.231916260402253,0.8945,-,6.230280014228509,0.87425,-,6.219371706403543,0.85825,6.196736967666742,0.863
1627860569.3374927,-0.05891954153776169,-1.2136101722717285,-,6.232461675793501,0.89325,-,6.241461029749097,0.87075,6.22046253718604,0.8785,-,6.218008167925423,0.8585,6.1970096753623665,0.86275
1627860569.6063757,-0.059235576540231705,-1.2142857313156128,-,6.24500622979221,0.89475,6.221280660272913,0.90325,-,6.236552291227863,0.8705,6.218008167925423,0.87775,-,6.206827152404834,0.85775
1627860569.8771698,-0.06034873053431511,-1.2146867513656616,-,6.249914968313444,0.89925,6.227007521881019,0.897,-,6.237643122010359,0.8705,6.214735675577934,0.88125,-,6.2160992140560545,0.8585,6.194282598406125,0.867,6.203009244666097,0.85775
1627860570.161351,-0.06073466315865517,-1.2151846885681152,-,6.243915399009714,0.895,6.223462321837905,0.91525,-,6.232734383489126,0.87025,6.212008598621693,0.87175,-,6.204918198535466,0.85725
1627860570.4469433,-0.0642649382352829,-1.2165786027908325,-,6.2482787221397,0.895,6.2256439834028985,0.90775,-,6.235461460445366,0.8655,6.213372137099813,0.86625,-
1627860570.7166986,-0.06953152269124985,-1.2183889150619507,-,6.256732660704047,0.9035,6.234097921967246,0.90575,-,6.23900666048848,0.8575,6.218826291012295,0.86925,-,6.1882830291023945,0.86075
1627860570.9925885,-0.07781729102134705,-1.2190510034561157,-,6.2559145376171745,0.90425,6.233007091184749,0.90625,-,6.24500622979221,0.862,6.226189398794147,0.865,-,6.198645921536111,0.8575
1627860571.2553847,-0.10623500496149063,-1.2172155380249023,-,6.2559145376171745,0.917,-,-
1627860571.5361485,-0.13180530071258545,-1.219354271888733,-,6.279640107136473,0.947,6.2575507837909194,0.94975,-,-,6.146286043976281,0.854
1627860571.8187737,-0.14362186193466187,-1.222233533859253,-,6.27145887626775,0.955,-,6.278003860962728,0.80875,-,6.117651735935749,0.86125
1627860572.1441545,-0.14557033777236938,-1.2231734991073608,-,0.012544553998709244,0.963,6.271731583963374,0.9635,-,6.281821768701466,0.80425,-,6.118742566718246,0.86025
1627860572.4097724,-0.14979325234889984,-1.2225366830825806,-,0.01445350786807804,0.9635,6.273913245528367,0.96325,-,0.005181446216858166,0.80075,-,6.122015059065735,0.86
1627860572.6700795,-0.1499880850315094,-1.2231755256652832,-,6.281003645614594,0.963,-,0.00545415391248228,0.8005,-,6.104016351154543,0.86225
1627860572.934981,-0.1524897962808609,-1.226317048072815,-,0.013089969389957472,0.96225,6.2733678301371185,0.9725,-,-,6.123924012935103,0.86075,6.102652812676423,0.86775
1627860573.2147396,-0.15312813222408295,-1.2268705368041992,-,0.00545415391248228,0.95875,-,0.008999353955595762,0.79675,-,6.114651951283884,0.86675
1627860573.4976254,-0.16475914418697357,-1.2345802783966064,-,0.012544553998709244,0.964,-,-,6.10047115111143,0.8715
1627860573.7792633,-0.17772921919822693,-1.242547869682312,-,-,-,6.089290135590842,0.8775
1627860574.0552697,-0.18361003696918488,-1.2425686120986938,-,0.03408846195301425,0.974,-,-,6.086835766330224,0.878
1627860574.3272967,-0.20756229758262634,-1.2529245615005493,-,-,-
1627860574.5933912,-0.20797409117221832,-1.252886176109314,-,0.06326818538479445,0.9945,-,-,6.051656473594713,0.9015
1627860574.9150977,-0.20855599641799927,-1.2528071403503418,-,0.056450492994191595,0.98925,-,-
1627860575.1871731,-0.21013778448104858,-1.2542600631713867,-,0.06272276999354622,0.994,-,-,6.055201673637827,0.8995
1627860575.4483042,-0.21989580988883972,-1.253541350364685,-,0.05535966221169514,0.99325,-,-,6.055474381333451,0.8945
1627860575.7270486,-0.22741176187992096,-1.2542873620986938,-,0.05672320068981571,1.004,-,-,6.046202319682231,0.9005
1627860575.996402,-0.23635095357894897,-1.2552748918533325,-,0.06354089308041856,1.00825,-,-
1627860576.2612183,-0.2406245470046997,-1.2567282915115356,-,0.07172212394914199,1.01275,-,-
1627860576.5316439,-0.24586221575737,-1.260614037513733,-,-,-,6.019204257815444,0.911
1627860576.790169,-0.25471046566963196,-1.2679948806762695,-,0.09462957038156755,1.0305,-,-
1627860577.059704,-0.2614007592201233,-1.2739505767822266,-,0.08344855486097888,1.032,-,-,6.013477396207338,0.9225
1627860577.3456078,-0.26290398836135864,-1.2756106853485107,-,0.09217520112095053,1.02675,-,-
1627860577.6594796,-0.27074292302131653,-1.282104730606079,-,0.09572040116406401,1.0335,-,-,6.003932626860494,0.934
1627860577.941981,-0.27726802229881287,-1.2862181663513184,-,0.11726430911836902,1.03275,-,-
1627860578.2167847,-0.2876646816730499,-1.293777346611023,-,-,-,5.994115149818025,0.945
1627860578.493905,-0.298308402299881,-1.3022847175598145,-,-,-,5.9804797650368196,0.95875
1627860578.7680306,-0.3034396469593048,-1.3066511154174805,-,0.13553572472518466,1.04475,-,-,5.96793521103811,0.97225
1627860579.0416944,-0.30593565106391907,-1.3075225353240967,-,0.15135277107138326,1.0605,0.1538071403320003,1.06075,-,-,5.977207272689331,0.968
1627860579.3210585,-0.32119131088256836,-1.3154654502868652,-,0.15298901724512795,1.0565,-,-,5.959208564778139,0.9815
1627860579.6014147,-0.33875080943107605,-1.3257157802581787,-,0.16471544815696484,1.06825,-,-
1627860579.8707151,-0.356408029794693,-1.3379392623901367,-,0.17698729446005,1.0865,-,-
1627860580.1544428,-0.3686307668685913,-1.345969796180725,-,0.20125827937059612,1.09375,-,-
1627860580.4734504,-0.38016706705093384,-1.3529473543167114,-,0.19934932550122733,1.11425,-,-
1627860580.747139,-0.38796448707580566,-1.358629584312439,-,0.21325741797805714,1.11,-,-,5.908484933392054,1.03925
1627860581.006593,-0.3966543674468994,-1.3650416135787964,-,0.22307489502052524,1.11525,-,-,5.909848471870174,1.044
1627860581.2942379,-0.4070180356502533,-1.374576449394226,-,0.2260746796723905,1.127,-,-,5.895940379393345,1.06075
1627860581.5777905,-0.41447439789772034,-1.3800957202911377,-,0.24216443371421323,1.12925,-,-
1627860581.8555152,-0.41641584038734436,-1.3822568655014038,-,-,-
1627860582.136318,-0.41641542315483093,-1.3822802305221558,-,0.241619018322965,1.12925,-,-,5.896213087088968,1.0715
1627860582.4060307,-0.4167290925979614,-1.3813152313232422,-,-,-
1627860582.6833727,-0.41650962829589844,-1.3804099559783936,-,0.241619018322965,1.13,-,-
1627860582.9699054,-0.4164879024028778,-1.380144476890564,-,0.23071071049800043,1.13925,-,-
1627860583.2797358,-0.4165370762348175,-1.380258560180664,-,0.24898212610481607,1.132,-,-,5.883668533090259,1.07475
1627860583.5626945,-0.41651856899261475,-1.38015615940094,-,0.2495275414960643,1.13175,-,-
1627860583.8334224,-0.4165257215499878,-1.3803067207336426,-,-,-
1627860584.0981183,-0.41654759645462036,-1.3803032636642456,-,0.2353467413236104,1.133,-,-,5.8913043485677346,1.07025
1627860584.364446,-0.41608843207359314,-1.3800286054611206,-,0.23889194136672387,1.1315,-,-,5.882304994612139,1.07575
1627860584.6536322,-0.41609987616539,-1.3800816535949707,-,0.23698298749735505,1.1315,-,-,5.876578133004032,1.08475
1627860584.9370096,-0.4170030355453491,-1.3767067193984985,-,0.24270984910546145,1.1305,-,-
1627860585.2017543,-0.41686102747917175,-1.3769655227661133,-,0.2457096337573267,1.1345,-,-,5.894031425523976,1.0715
1627860585.4876459,-0.4167673587799072,-1.3765169382095337,-,0.22716551045488695,1.14175,-,-
1627860585.7576816,-0.41741904616355896,-1.3761482238769531,-,0.23398320284548982,1.133,-,-
1627860586.078531,-0.4034128189086914,-1.3708218336105347,-,-,0.009272061651219876,0.5025,6.273095122441494,0.5045,-,5.885850194655252,1.06775
1627860586.3447685,-0.3936905562877655,-1.3660391569137573,-,0.22771092584613517,1.12275,-,0.008726646259971648,0.517,6.270095337789629,0.52025,-,5.906848687218309,1.05775,5.885850194655252,1.06725
1627860586.6195953,-0.3844180405139923,-1.3635443449020386,-,0.22280218732490112,1.116,-,0.005181446216858166,0.525,6.269277214702757,0.5265,-,5.9128482565220395,1.05175,5.890758933176486,1.06625
1627860586.9044373,-0.379398375749588,-1.3631622791290283,-,0.21952969497741176,1.11025,-,0.005181446216858166,0.5255,6.267913676224636,0.52675,-,5.917211579652025,1.05125
1627860587.1896935,-0.3640728294849396,-1.3617522716522217,-,0.22552926428114228,1.1,-,6.282367184092714,0.53325,6.2638230607902745,0.53325,-,5.912302841130791,1.05125
1627860587.4717963,-0.34853067994117737,-1.3608622550964355,-,0.20343994093558904,1.0965,-,6.262732230007778,0.5455,6.240097491270976,0.54925,-,5.930846964433231,1.04075
1627860587.7442114,-0.34015965461730957,-1.358804702758789,-,0.21080304871744013,1.07675,-,6.251823922182814,0.5555,6.232188968097877,0.561,-,5.937937364519458,1.0405
1627860588.0337293,-0.3369782567024231,-1.3580021858215332,-,0.20016744858809968,1.0805,-,6.247460599052827,0.55975,6.224007737229154,0.56675,-,5.951572749300664,1.03875
1627860588.3177114,-0.334832102060318,-1.3580185174942017,-,0.21707532571679475,1.07,-,6.249914968313444,0.559,6.231643552706629,0.56375,-
1627860588.5901518,-0.3220471441745758,-1.3547139167785645,-,0.21080304871744013,1.06075,-,6.251278506791565,0.56375,6.228098352663515,0.56625,-,5.959208564778139,1.03175
1627860588.909245,-0.3119948208332062,-1.351331353187561,-,0.20562160250058195,1.0535,-,6.246097060574707,0.576,6.223189614142282,0.5755,-,5.9605721032562595,1.0315
1627860589.1912143,-0.2831585109233856,-1.3398349285125732,-,0.18489581763314927,1.03425,-,6.23900666048848,0.60625,6.219917121794792,0.60525,-,5.994933272904898,1.00975
1627860589.4644735,-0.25357988476753235,-1.3208712339401245,-,-,6.2351887527497425,0.62175,6.215281090969182,0.623,-,6.0003874268173805,1.00025
1627860589.7362547,-0.23630943894386292,-1.311086893081665,-,0.1325359400733194,1.0125,-,6.228643768054764,0.65675,-,6.031476104118529,0.98
1627860590.007864,-0.23055315017700195,-1.306077003479004,-,0.14262612481141163,0.999,0.12108221685710661,1.0135,-,6.239552075879728,0.67,6.219371706403543,0.6735,-,6.026567365597295,0.975
1627860590.2789721,-0.2165575623512268,-1.2970242500305176,-,0.11835513990086548,0.9985,-,6.237097706619111,0.68075,6.2169173371429265,0.687,-,6.026294657901671,0.97075
1627860590.5526428,-0.20376160740852356,-1.2913814783096313,-,0.11835513990086548,0.983,0.0954476934684399,1.007,-,6.233279798880374,0.7025,-,6.045656904290983,0.95575
1627860590.8285697,-0.20292940735816956,-1.2908507585525513,-,0.10308350894591509,0.97725,-,6.245278937487835,0.70725,6.2256439834028985,0.70575,-,6.067746227636536,0.95025
1627860591.1201744,-0.20124387741088867,-1.2865225076675415,-,0.10090184738092217,0.97825,-,6.239552075879728,0.70575,6.218553583316671,0.714,-,6.055474381333451,0.9495
1627860591.4360564,-0.19692814350128174,-1.2839211225509644,-,0.09872018581592927,0.97875,-,6.234643337358494,0.70625,-,6.054928965942203,0.94325
1627860591.7253838,-0.19431859254837036,-1.2888131141662598,-,0.09299332420782287,0.97575,-,6.23900666048848,0.7105,6.21909899870792,0.71425,-,6.061473950637182,0.944
1627860592.0092478,-0.19041995704174042,-1.290897011756897,-,0.11017390903214205,0.96925,0.08672104720846825,0.973,-,6.223189614142282,0.71225,-,6.069655181505905,0.94725
1627860592.3079445,-0.19066235423088074,-1.2908047437667847,-,0.09217520112095053,0.968,-,6.225916691098522,0.716,-,6.061201242941557,0.9515
1627860592.5873733,-0.19065247476100922,-1.290828824043274,-,0.10799224746714914,0.96525,0.08644833951284414,0.978,-,6.219644414099168,0.71575,6.196736967666742,0.71475,-,6.071564135375274,0.94775
1627860592.890347,-0.1908360868692398,-1.290953516960144,-,0.10635600129340446,0.9645,0.08426667794785123,0.983,-,6.232734383489126,0.7165,6.212826721708565,0.71925,-,6.0775637046790045,0.94775
1627860593.185149,-0.19063782691955566,-1.2908283472061157,-,0.09626581655531224,0.967,-,6.232734383489126,0.717,6.213372137099813,0.7165,-,6.062837489115302,0.9515
1627860593.4587955,-0.19064316153526306,-1.290834665298462,-,0.10608329359778035,0.96675,0.08426667794785123,0.9865,-,6.218553583316671,0.71625,-,6.0672008122452885,0.95025
1627860593.7607915,-0.19083163142204285,-1.29094398021698,-,0.10662870898902857,0.965,0.0856302164259718,0.98025,-,6.225371275707274,0.7165,-,6.072109550766522,0.94725
1627860594.0561593,-0.19062232971191406,-1.2908204793930054,-,0.10662870898902857,0.9665,0.08372126255660299,0.98425,-,6.22182607566416,0.7155,-,6.065564566071544,0.94975
1627860594.3775349,-0.19063259661197662,-1.2907981872558594,-,0.09381144729469522,0.9685,-,6.222644198751033,0.715,-,6.074563920027139,0.9475
1627860594.6675153,-0.19064870476722717,-1.2908563613891602,-,0.105265170510908,0.9675,-,6.219371706403543,0.715,-,6.075109335418388,0.947
1627860594.9459987,-0.1899050623178482,-1.2900309562683105,-,0.09490227807719166,0.96725,-,6.236824998923487,0.71675,6.214190260186686,0.7155,-,6.067746227636536,0.94825
1627860595.2477515,-0.18923546373844147,-1.2901992797851562,-,0.0916297857297023,0.9685,-,6.234097921967246,0.7165,6.212826721708565,0.71875,-,6.062292073724054,0.952
1627860595.5318744,-0.1873217076063156,-1.2879410982131958,-,0.1093557859452697,0.96475,0.08644833951284414,0.97425,-,6.2264621064897705,0.716,-,6.074836627722763,0.94575
1627860595.830815,-0.18143780529499054,-1.285335898399353,-,0.09872018581592927,0.9625,-,6.236824998923487,0.727,6.2136448447954375,0.72475,-,6.084926812460855,0.94325,6.064201027593423,0.957
1627860596.0996137,-0.17199352383613586,-1.2812355756759644,-,0.08317584716535477,0.95925,-,6.228643768054764,0.7315,6.210372352447948,0.734,-,6.094198874112076,0.94225,6.074291212331515,0.947
1627860596.3955822,-0.16483281552791595,-1.2768712043762207,-,0.08726646259971647,0.953,-,6.213099429404189,0.73825,6.192646352232381,0.742,-,6.099380320328933,0.9365,6.077018289287756,0.9475
1627860596.6911678,-0.14511792361736298,-1.2693328857421875,-,0.07117670855789375,0.9445,-,6.208736106274204,0.7485,-,6.111379458936394,0.92875
1627860596.9772785,-0.14148923754692078,-1.2673133611679077,-,0.06872233929727672,0.93225,-,6.216371921751678,0.76625,-,6.116015489762004,0.9285
1627860597.3000588,-0.1292751282453537,-1.2630606889724731,-,0.05235987755982989,0.92775,-,6.203554660057345,0.7665,-,6.116833612848877,0.92975
1627860597.602011,-0.10037802159786224,-1.2538694143295288,-,0.04117886203924121,0.908,-,6.193464475319253,0.80075,-,6.139195643890054,0.92175
1627860597.9136462,-0.07831405848264694,-1.2486134767532349,-,0.007090400086226964,0.9045,-,6.199464044622983,0.82675,6.177102013581806,0.83175,-,6.183374290581161,0.91375
1627860598.2192898,-0.05858137458562851,-1.2432130575180054,-,0.007908523173099306,0.8715,6.269004507007132,0.87825,-,6.184192413668033,0.8455,-,6.198645921536111,0.908
1627860598.5278401,-0.04656488820910454,-1.2407211065292358,-,6.264368476181523,0.86225,-,6.179010967451175,0.85925,-,6.215008383273558,0.904
1627860598.8353786,-0.03840725123882294,-1.2380149364471436,-,6.260005153051536,0.85325,-,6.1882830291023945,0.86425,6.167284536539338,0.871,-,6.234097921967246,0.89825
1627860599.1731377,-0.031056003645062447,-1.2361207008361816,-,6.246097060574707,0.85325,-,6.189646567580516,0.87675,6.166466413452466,0.88275,-,6.232734383489126,0.8985
1627860599.4808989,-0.030351057648658752,-1.2357012033462524,-,6.261095983834033,0.84675,6.23900666048848,0.85675,-,6.184192413668033,0.87725,6.163739336496224,0.8895,-,6.233279798880374,0.898
1627860599.7871418,-0.030920935794711113,-1.2362020015716553,-,6.26355035309465,0.84625,6.240642906662225,0.8545,-,6.190191982971763,0.878,6.166466413452466,0.883,-,6.239824783575353,0.89775
1627860600.0685422,-0.03107251226902008,-1.2363373041152954,-,6.246369768270331,0.84775,-,6.189646567580516,0.87825,6.167557244234962,0.883,-,6.241461029749097,0.8965
1627860600.389227,-0.03057427890598774,-1.2358839511871338,-,6.263277645399026,0.846,6.239552075879728,0.85675,-,6.180374505929295,0.87875,6.15883059797499,0.858,-,6.2455516451834585,0.89675
1627860600.6777537,-0.030410563573241234,-1.2356715202331543,-,6.245278937487835,0.84775,-,6.1866467829286504,0.8785,6.165375582669969,0.88325,-,6.2447335220965865,0.8935
1627860600.9455426,-0.009308180771768093,-1.2379573583602905,-,6.251823922182814,0.837,-,6.1691934904087065,0.88675,-,6.249914968313444,0.898
1627860601.224203,0.004850970581173897,-1.2389940023422241,-,6.231370845011004,0.83025,-,6.169738905799955,0.89925,6.149013120932523,0.90775,-,6.273095122441494,0.9025
1627860601.5017831,0.018971238285303116,-1.2418386936187744,-,6.228098352663515,0.81225,-,6.147922290150026,0.91575,-,0.000272707695624114,0.904
1627860601.783231,0.029018975794315338,-1.2453854084014893,-,6.233552506575998,0.7965,6.210372352447948,0.8015,-,6.1476495824544015,0.9305,6.127196505282593,0.9345,-,0.01827141560681564,0.90925
1627860602.0679176,0.038286756724119186,-1.250916838645935,-,6.2256439834028985,0.78375,-,6.12828733606509,0.93925,-,0.027816184953659628,0.9135
1627860602.3427675,0.05568898469209671,-1.258628487586975,-,6.207645275491707,0.77875,-,6.1190152744138695,0.94575,-,0.04581489286485115,0.92225
1627860602.634501,0.07592497020959854,-1.2674731016159058,-,6.209281521665451,0.75625,-,6.1173790282401255,0.9575,6.097198658763941,0.96275,-,0.0719948316447661,0.935
1627860602.905071,0.08556462824344635,-1.2734986543655396,-,6.211190475534821,0.7365,6.188555736798019,0.756,-,6.0966532433726925,0.97125,-,0.0818123086872342,0.94075
1627860603.22518,0.09401538223028183,-1.2757463455200195,-,6.2041000754485935,0.7285,-,6.092017212547082,0.979,-,0.08072147790473774,0.949
1627860603.5074928,0.10345625132322311,-1.2804279327392578,-,6.212008598621693,0.7185,6.190464690667388,0.71625,-,6.082199735504615,0.98375,-,0.10090184738092217,0.952
1627860603.7855017,0.10462181270122528,-1.2798423767089844,-,6.200282167709855,0.71025,6.176829305886182,0.72975,-,6.074836627722763,0.9945,-,0.105265170510908,0.95275,0.08372126255660299,0.9635
1627860604.0603373,0.10451672226190567,-1.279221534729004,-,6.20055487540548,0.71025,6.17601118279931,0.7305,-,6.074291212331515,0.99425,-,0.09053895494720585,0.95875
1627860604.3360264,0.10720930248498917,-1.2788701057434082,-,6.196464259971118,0.70975,6.17601118279931,0.72875,-,-,0.0954476934684399,0.95475
1627860604.6163461,0.10720615088939667,-1.2790642976760864,-,6.191555521449884,0.70925,-,6.0775637046790045,0.9935,-,0.10253809355466686,0.95375
1627860604.8924384,0.1059245616197586,-1.2793067693710327,-,6.199736752318607,0.70925,6.176556598190558,0.717,-,6.071018719984026,0.9995,-,0.10690141668465268,0.9535
1627860605.1849372,0.10036806017160416,-1.2598216533660889,-,6.17737472127743,0.72225,-,6.08519952015648,0.99325,-,0.09026624725158174,0.94475
1627860605.4685235,0.0991005003452301,-1.255054235458374,-,6.183646998276784,0.72875,6.161830382626856,0.73425,-,6.097471366459565,0.99375,-,0.105265170510908,0.9315,0.08372126255660299,0.93975
1627860605.7921815,0.09897866100072861,-1.2553627490997314,-,6.1713751519737,0.7295,-,6.10047115111143,0.99375,-,0.10826495516277325,0.9315,0.0859029241215959,0.94
1627860606.0711672,0.09927550703287125,-1.2552903890609741,-,6.188010321406771,0.73025,6.166193705756841,0.73225,-,6.094471581807699,0.99875,-,0.09681123194656047,0.93175
1627860606.3558617,0.09930888563394547,-1.2553062438964844,-,6.1754657674080615,0.72775,-,6.105379889632664,0.9925,6.084654104765232,0.9595,-,0.09217520112095053,0.9355
1627860606.6415935,0.09929340332746506,-1.255318522453308,-,6.186101367537402,0.728,6.163739336496224,0.73425,-,6.099380320328933,0.997,-,0.0954476934684399,0.93175
1627860606.9152186,0.09995566308498383,-1.2556532621383667,-,6.181738044407416,0.7285,-,6.105379889632664,0.9925,6.084926812460855,0.95975,-,0.08999353955595761,0.93225
1627860607.1981888,0.10497953742742538,-1.2564975023269653,-,6.163466628800601,0.7315,-,6.09583512028582,0.99675,-,0.09626581655531224,0.933
1627860607.477882,0.10972165316343307,-1.254437804222107,-,6.169738905799955,0.71725,-,6.096925951068316,0.99725,-,0.12135492455273073,0.93475
1627860607.7689242,0.10929915308952332,-1.2553224563598633,-,6.17601118279931,0.71875,6.153103736366884,0.723,-,6.092562627938331,1.009,-,0.1150826475533761,0.93325
1627860608.047249,0.10891146957874298,-1.25464928150177,-,6.173829521234317,0.717,6.153649151758132,0.72475,-,6.091471797155834,1.00775,-,0.10417433972841154,0.93575
1627860608.3252504,0.10905792564153671,-1.2539094686508179,-,6.160466844148735,0.71775,-,6.101289274198303,1.0015,6.078654535461501,0.9635,-,0.10144726277217041,0.9405
1627860608.6542943,0.10924286395311356,-1.2558234930038452,-,6.159376013366239,0.71625,-,6.089835550982089,1.00775,-,0.11126473981463851,0.93425
1627860608.9429154,0.11327937245368958,-1.2687863111495972,-,6.189646567580516,0.7125,6.163739336496224,0.71275,-,6.077836412374628,1.009,-,0.11426452446650376,0.941
1627860609.234615,0.11393555998802185,-1.2749944925308228,-,6.195100721492998,0.71075,6.169738905799955,0.71175,-,6.090108258677714,1.0,6.066109981462792,0.95925,-,0.11917326298773781,0.94975,0.09681123194656047,0.9565
1627860609.5203202,0.1256173700094223,-1.2853517532348633,-,6.174374936625565,0.70375,-,6.075654750809636,0.99875,-,0.114809939857752,0.95075
1627860609.815784,0.13373547792434692,-1.2920652627944946,-,6.193191767623628,0.6895,6.1713751519737,0.68975,-,6.062292073724054,1.014,-,0.11808243220524135,0.972
1627860610.1055543,0.1385304033756256,-1.2962535619735718,-,6.188010321406771,0.681,6.1667391211480895,0.687,-,6.051111058203466,1.01825,-,0.126809078465213,0.972
1627860610.3783565,0.1484016329050064,-1.3037008047103882,-,6.196191552275494,0.67725,6.172465982756196,0.67725,-,6.038293796509132,1.0195,-,0.13580843242080876,0.97375
1627860610.6711438,0.15697383880615234,-1.3110812902450562,-,6.18201075210304,0.66425,-,6.0584741659853165,1.02325,6.034475888770395,1.03325,-,0.13580843242080876,0.99075
1627860610.9552178,0.1767556220293045,-1.3231724500656128,-,6.1683753673218344,0.65475,-,6.028476319466664,1.0445,-,0.16444274046134075,1.006
1627860611.2396302,0.19046306610107422,-1.3324201107025146,-,6.1850105367549055,0.626,6.160739551844359,0.6245,-,6.019204257815444,1.051,-,0.17426021750380885,1.0095
1627860611.558263,0.19898241758346558,-1.336439847946167,-,6.1787382597555505,0.612,6.153921859453757,0.61225,-,6.011295734642345,1.06225,-,0.18489581763314927,1.0215
1627860611.8370092,0.1991371363401413,-1.3356736898422241,-,6.181192629016167,0.61175,6.158285182583742,0.61125,-,6.024112996336678,1.0605,6.003932626860494,1.06625,-,0.18135061759003582,1.0155
1627860612.1222327,0.2005460411310196,-1.3382357358932495,-,6.173011398147445,0.6095,6.15146749019314,0.61425,-,6.017295303946075,1.06325,5.995205980600522,1.0615,-
1627860612.3922248,0.21833635866641998,-1.3539915084838867,-,6.184192413668033,0.607,6.161012259539984,0.6005,-,6.007205119207983,1.06825,5.985933918949302,1.055,-,0.20616701789183017,1.044
1627860612.67914,0.23313076794147491,-1.3676834106445312,-,6.189101152189267,0.5815,6.162648505713728,0.5775,6.142740843933168,0.59575,-,5.995478688296146,1.0865,5.975298318819962,1.09175,-,0.19962203319685143,1.05375
1627860612.9643216,0.23313076794147491,-1.3676834106445312,-,6.166193705756841,0.55975,6.144922505498161,0.56675,-,5.963299180212501,1.101,-,0.20098557167497202,1.07825
1627860613.2391477,0.23313076794147491,-1.3676834106445312,-,6.175738475103685,0.5475,6.150922074801891,0.552,-,5.9630264725168765,1.10075,-,0.21843886419491532,1.07775
1627860613.5348418,0.2636108100414276,-1.3973079919815063,-,6.179829090538047,0.5405,6.156921644105622,0.53825,-,5.9630264725168765,1.10925,5.939028195301955,1.12225,-,0.22280218732490112,1.09775
1627860613.822346,0.275002658367157,-1.4085116386413574,-,6.195100721492998,0.524,6.171647859669323,0.51925,6.149285828628146,0.52825,-,5.941755272258195,1.1165,5.920756779695139,1.13225,-,0.23834652597547562,1.112
1627860614.1074076,0.2780190408229828,-1.419162392616272,-,6.195100721492998,0.503,6.171647859669323,0.498,6.154739982540629,0.50825,-,5.933301333693848,1.1265,5.911484718043919,1.13175,-,0.24270984910546145,1.1275
1627860614.4324038,0.2780190408229828,-1.419162392616272,-,6.198373213840487,0.48575,6.170011613495579,0.48425,-,5.925938225911997,1.12725,5.9024853640883235,1.11275,-,0.23561944901923448,1.1285
1627860614.7205806,0.2780190408229828,-1.419162392616272,-,6.175193059712437,0.48275,-,5.917756995043273,1.1315,5.896758502480217,1.114,-,0.241619018322965,1.132
1627860614.9927046,0.2780190408229828,-1.419162392616272,-,6.166466413452466,0.48775,-,5.897031210175841,1.11325,-,0.2361648644104827,1.13175
1627860615.2709596,0.2780190408229828,-1.419162392616272,-,6.17601118279931,0.48075,-,-,0.23752840288860327,1.132
1627860615.5768545,0.2780190408229828,-1.419162392616272,-,6.170557028886828,0.48325,-,5.914484502695784,1.1325,-
1627860615.8466492,0.2780190408229828,-1.419162392616272,-,6.169738905799955,0.483,-,-
1627860616.129542,0.2780190408229828,-1.419162392616272,-,6.188010321406771,0.48,6.167011828843714,0.486,-,5.919665948912643,1.133,5.898122040958337,1.11325,-
1627860616.408504,0.2780190408229828,-1.419162392616272,-,6.201645706187977,0.4845,6.181738044407416,0.4835,-,5.910939302652671,1.13325,-,0.24270984910546145,1.1305
1627860616.7079282,0.2780190408229828,-1.419162392616272,-,6.192646352232381,0.4875,6.172193275060572,0.48825,-,5.914757210391408,1.1335,-,0.2399827721492203,1.12025
1627860617.0270588,0.2780190408229828,-1.419162392616272,-,6.192373644536756,0.5005,6.1691934904087065,0.4975,-,5.925938225911997,1.128,-,0.23234695667174513,1.11175
1627860617.319958,0.2713140845298767,-1.4121536016464233,-,6.183919705972409,0.50375,6.161012259539984,0.5035,-,5.935755702954465,1.12675,-,0.23071071049800043,1.10225
1627860617.6079023,0.26213404536247253,-1.399098515510559,-,6.174920352016813,0.51375,6.149285828628146,0.5175,-,5.941755272258195,1.11875,-,0.22580197197676638,1.0865
1627860617.885348,0.2527834475040436,-1.3875316381454468,-,6.165375582669969,0.5345,6.141377305455047,0.53525,-,5.95266358008316,1.11275,-,0.2222567719336529,1.07175
1627860618.1794848,0.24696345627307892,-1.3820995092391968,-,6.152558320975635,0.548,-,5.978570811167451,1.102,5.957845026300018,1.1075,-
1627860618.4679275,0.23152665793895721,-1.368172526359558,-,6.166466413452466,0.565,6.142468136237544,0.56225,-,5.9796616419499475,1.097,-,0.20534889480495783,1.04775
1627860618.745656,0.22696001827716827,-1.3644155263900757,-,6.159103305670614,0.5725,6.134832320760069,0.57675,-,5.987842872818671,1.09125,-
1627860619.0334342,0.21621304750442505,-1.3557113409042358,-,6.173829521234317,0.5905,6.151740197888763,0.57975,-,-,0.19580412545811385,1.03375
1627860619.321929,0.20454010367393494,-1.3477331399917603,-,6.153376444062508,0.59475,-,6.007205119207983,1.0735,-,0.18025978680753935,1.025
1627860619.5965834,0.19330663979053497,-1.3401085138320923,-,6.1596487210618625,0.606,6.137013982325061,0.61525,-,-,0.16907877128695067,1.006
1627860619.9215345,0.18149052560329437,-1.3316041231155396,-,6.164830167278721,0.62125,6.140831890063799,0.6265,-,6.023294873249806,1.05975,-,0.16744252511320598,1.00125
1627860620.217771,0.16846853494644165,-1.3236345052719116,-,6.1667391211480895,0.64025,-,6.03883921190038,1.05075,6.018386134728572,1.03375,-,0.16444274046134075,0.9875
1627860620.5173244,0.15183930099010468,-1.3107794523239136,-,6.167557244234962,0.65725,6.145740628585033,0.6645,-,6.051929181290338,1.03775,-,0.14480778637640454,0.97775
1627860620.8061066,0.13308662176132202,-1.2974333763122559,-,6.178192844364302,0.6795,6.1563762287143735,0.67925,-,-,0.13008157081270239,0.96525
1627860621.1046124,0.10818706452846527,-1.283790111541748,-,6.180101798233672,0.7005,6.158012474888118,0.701,-,-,0.1189005552921137,0.94175
1627860621.3923411,0.09011279046535492,-1.273241639137268,-,6.182283459798664,0.734,6.159103305670614,0.74675,-,-,0.09217520112095053,0.926
1627860621.674598,0.07889366149902344,-1.2647569179534912,-,6.175738475103685,0.7485,-,6.113561120501387,0.9845,-,0.07172212394914199,0.92625
1627860621.951816,0.06298749148845673,-1.2561768293380737,-,6.189373859884891,0.76125,6.1691934904087065,0.77025,-,6.133741489977572,0.974,6.113288412805764,0.952,-,0.07008587777539729,0.91
1627860622.242219,0.04319422319531441,-1.24526846408844,-,6.192373644536756,0.78075,-,6.152285613280012,0.95825,6.129923582238835,0.95525,-,0.04581489286485115,0.895
1627860622.578858,0.026817770674824715,-1.2331637144088745,-,6.201645706187977,0.804,6.177647428973054,0.8085,-,6.166466413452466,0.945,-,0.032724923474893676,0.88125
1627860622.8697052,0.008407319895923138,-1.222251534461975,-,6.196191552275494,0.8195,-,6.176829305886182,0.93625,-,0.009272061651219876,0.8725
1627860623.157394,-0.0003132944111712277,-1.2176679372787476,-,6.194009890710501,0.83575,-,6.198373213840487,0.92625,-,0.000818123086872342,0.862
1627860623.437585,-0.002575324382632971,-1.2160495519638062,-,6.20519090623109,0.8465,6.183646998276784,0.853,-,6.198645921536111,0.92575,-,6.268731799311508,0.86125
1627860623.7228744,-0.0010655400110408664,-1.2194023132324219,-,6.189373859884891,0.8475,-,6.204918198535466,0.92325,-,6.26818638392026,0.85825
1627860624.0125291,0.00042775925248861313,-1.2211426496505737,-,6.194009890710501,0.84,-,6.204372783144217,0.92825,6.181738044407416,0.92775,-,6.282639891788338,0.865
1627860624.2798526,0.00040856903069652617,-1.2211495637893677,-,6.212008598621693,0.842,6.188555736798019,0.84575,-,6.189919275276139,0.926,-,0.001636246173744684,0.8645
1627860624.5776036,0.0009447254124097526,-1.2205777168273926,-,6.21582650636043,0.8475,6.192646352232381,0.8415,-,6.200282167709855,0.92525,-,6.271186168572125,0.86525
1627860624.8616543,0.0004904516972601414,-1.2216752767562866,-,6.214190260186686,0.84475,6.190737398363011,0.8435,-,6.19919133692736,0.922,6.179556382842423,0.91725,-,6.270368045485253,0.8655
1627860625.1369927,0.000362936727469787,-1.2211509943008423,-,6.212554014012941,0.8415,6.188828444493643,0.8445,-,6.189646567580516,0.92425,-,6.269822630094005,0.8655
1627860625.719616,0.00036403941339813173,-1.2211418151855469,-,6.211463183230444,0.841,6.1882830291023945,0.8455,-,6.198645921536111,0.924,-,0.001636246173744684,0.86375
1627860626.0123265,0.0003712242469191551,-1.2211503982543945,-,6.1970096753623665,0.84,-,6.202463829274849,0.9225,6.181465336711792,0.9255,-,6.274731368615239,0.8645
1627860626.2998567,0.00035913195461034775,-1.2211521863937378,-,6.20519090623109,0.84025,6.184465121363657,0.8645,-,6.200282167709855,0.92525,6.179010967451175,0.91775,-,6.26954992239838,0.8645
1627860626.5914936,0.0008759863558225334,-1.220530390739441,-,6.212281306317316,0.8405,6.189101152189267,0.84325,-,6.183374290581161,0.9275,-,0.005726861608106394,0.863,6.26682284544214,0.87075
1627860626.8728533,0.00037435846752487123,-1.2211416959762573,-,6.206281737013586,0.8405,6.182828875189912,0.863,-,6.209554229361076,0.92575,6.1850105367549055,0.92725,-,0.000818123086872342,0.86275
1627860627.161568,0.0003670221194624901,-1.2211248874664307,-,6.196464259971118,0.8425,-,6.209826937056699,0.92575,6.1858286598417775,0.927,-,6.281276353310218,0.863
1627860627.4431546,0.00035725688212551177,-1.2211353778839111,-,6.216644629447303,0.85225,6.191555521449884,0.84275,-,6.198100506144863,0.92225,-,6.267368260833388,0.86925
1627860627.714003,0.0004901972133666277,-1.2216726541519165,-,6.215008383273558,0.84825,6.192646352232381,0.84325,-,6.208463398578579,0.925,6.185555952146154,0.928,-,6.280730937918969,0.864
1627860628.0069048,0.0004914343589916825,-1.2216746807098389,-,6.215281090969182,0.84725,6.191828229145508,0.84325,-,6.188828444493643,0.9275,-,0.001090830782496456,0.86375
1627860628.3256598,0.0005149029893800616,-1.2216734886169434,-,6.214190260186686,0.84675,6.19128281375426,0.8435,-,6.188010321406771,0.92725,-,6.277731153267104,0.8625
1627860628.616818,0.00037486510700546205,-1.2211462259292603,-,6.21582650636043,0.84775,6.192100936841133,0.84325,-,6.183919705972409,0.927,-,0.0040906154343617095,0.863,6.2654593069640185,0.8705
1627860628.8941991,0.00035472368472255766,-1.22114896774292,-,6.2065544447092105,0.84175,-,6.197555090753615,0.92225,-,6.270368045485253,0.869
1627860629.1820843,0.0003373414801899344,-1.2211127281188965,-,6.199736752318607,0.84025,-,6.2019184138836,0.92425,6.182556167494289,0.92825,-,6.270913460876502,0.865
1627860629.4669478,0.0003583123907446861,-1.2211307287216187,-,6.1953734291886216,0.84275,-,6.193737183014877,0.92325,-,0.001090830782496456,0.8625
1627860629.7623713,0.0003450180811341852,-1.2211204767227173,-,6.207645275491707,0.84225,6.1858286598417775,0.854,-,6.202463829274849,0.92375,6.179829090538047,0.9245,-,6.279367399440849,0.863
1627860630.0783234,0.0003658697532955557,-1.2211275100708008,-,6.201100290796728,0.841,-,6.197555090753615,0.92275,-,0.001636246173744684,0.862
1627860630.4067569,0.000356968812411651,-1.2211418151855469,-,6.201372998492352,0.83825,-,6.188555736798019,0.9265,-,6.271186168572125,0.8655
1627860630.6086226,0.0004852000856772065,-1.221688151359558,-,6.198645921536111,0.84025,-,6.186919490624274,0.928,-,0.004636030825609938,0.862,6.265186599268395,0.872
1627860630.9563928,0.00035454239696264267,-1.2211391925811768,-,6.201372998492352,0.84,-,6.19919133692736,0.92325,6.17737472127743,0.91025,-,6.279367399440849,0.86475
1627860631.227857,0.0003763427957892418,-1.2211077213287354,-,6.207099860100459,0.842,6.1850105367549055,0.85975,-,6.20055487540548,0.9235,6.179556382842423,0.9185,-,6.276913030180232,0.8635
1627860631.5425043,0.00037754978984594345,-1.221140742301941,-,6.200827583101104,0.83875,-,6.192373644536756,0.92275,-,0.0029997846518652537,0.86175
1627860631.8643599,0.00036278521292842925,-1.2211450338363647,-,6.204372783144217,0.84025,6.183646998276784,0.87225,-,6.187192198319898,0.9235,-,6.272549707050246,0.864
1627860632.158745,0.00035894071334041655,-1.2211447954177856,-,6.1945553061017495,0.84025,-,6.19591884457987,0.923,-,6.277731153267104,0.86425
1627860632.440646,0.0003673300670925528,-1.2211432456970215,-,6.209826937056699,0.84275,6.1850105367549055,0.8525,-,6.204645490839842,0.9235,6.182828875189912,0.9265,-,6.27745844557148,0.864
1627860632.72429,0.00038007055991329253,-1.2211430072784424,-,6.215553798664806,0.84975,6.194009890710501,0.843,-,6.183101582885537,0.9255,-,6.27745844557148,0.864
1627860633.0153697,0.00037108268588781357,-1.2211270332336426,-,6.199464044622983,0.8385,-,6.200282167709855,0.92325,-,6.280185522527721,0.865
1627860633.3188121,0.00037922864430584013,-1.221144437789917,-,6.214735675577934,0.84675,6.192373644536756,0.843,-,6.194282598406125,0.92375,-,6.26954992239838,0.86875
1627860633.6114917,0.00038677608245052397,-1.2211507558822632,-,6.202736536970472,0.839,-,6.1970096753623665,0.92325,-,6.277731153267104,0.867
1627860633.9639976,0.0003689344448503107,-1.2211564779281616,-,6.198373213840487,0.839,-,6.209554229361076,0.92375,6.184192413668033,0.928,-,0.001636246173744684,0.86375
1627860634.2256145,0.0003415759128984064,-1.221144199371338,-,6.20519090623109,0.8405,6.182828875189912,0.871,-,6.183919705972409,0.92725,-,6.2766403224846075,0.86575
1627860634.5000153,0.0003449907526373863,-1.221126914024353,-,6.209008813969827,0.8425,6.185283244450529,0.85225,-,6.203554660057345,0.9235,6.183101582885537,0.925,-,6.272276999354622,0.8655
1627860634.7471578,0.00038139926618896425,-1.221132755279541,-,6.211190475534821,0.84125,6.189646567580516,0.844,-,6.195100721492998,0.92275,-,6.271186168572125,0.86525
1627860634.9896274,0.0003859043645206839,-1.2211610078811646,-,6.211463183230444,0.8415,6.188555736798019,0.84375,-,6.184737829059281,0.9275,-,0.00136353847812057,0.86325
1627860635.2217853,0.0003712416219059378,-1.2211334705352783,-,6.2065544447092105,0.84075,6.185283244450529,0.86025,-,6.194009890710501,0.923,-,6.269822630094005,0.86575
1627860635.4825122,0.0003647745179478079,-1.2211092710494995,-,6.198645921536111,0.8395,-,6.197555090753615,0.92275,-,6.280185522527721,0.8635
